A
 a 156 : 1,2,3,4,5,6,7,8,9,10,11,12,13,14,15,16,17,18,19,20,21,22,23,24,25,26 
 account 12 : 1,3,5,7,9,11,13,15,17,19,22,24 
 accustomed 12 : 2,4,6,8,11,13,15,17,19,21,23,25 
 among 12 : 2,4,6,8,10,13,15,17,19,21,23,25 
 and 108 : 1,2,3,4,5,6,7,8,9,10,11,12,13,14,15,16,17,18,19,20,21,22,23,24,25 
 anyone 12 : 2,4,6,8,10,12,15,17,19,21,23,25 
 anything 12 : 1,3,6,8,10,12,14,16,18,20,22,24 
 artless 12 : 1,3,5,7,10,12,14,16,18,20,22,24 
 as 12 : 2,4,6,8,11,13,15,17,19,21,23,25 
 at 36 : 2,4,6,8,9,10,11,12,13,14,15,16,17,18,19,21,23,25 
B
 bar 12 : 2,4,6,8,10,12,14,16,19,21,23,25 
 battered 12 : 1,4,6,8,10,12,14,16,18,20,22,25 
 been 36 : 1,2,3,4,5,6,7,8,9,10,11,12,13,14,15,16,17,18,19,20,21,22,23,24,25 
 body 12 : 1,3,5,8,10,12,14,16,18,20,22,24 
 broad 12 : 1,3,5,7,9,11,13,15,17,20,22,24 
 but 24 : 1,2,3,4,6,8,10,12,14,15,16,17,18,19,20,21,22,23,24,25 
 buy 12 : 2,4,6,8,10,12,15,17,19,21,23,25 
 by 24 : 1,3,5,7,9,11,13,14,16,18,20,22,24 
C
 caused 12 : 1,3,5,7,9,11,13,16,18,20,22,24 
 chin 12 : 1,3,5,7,9,11,13,15,18,20,22,24 
 city 12 : 2,4,6,8,10,12,14,16,18,21,23,25 
 clean 12 : 2,4,6,8,10,12,14,16,18,20,23,25 
 cocktail 12 : 2,4,6,8,10,12,14,16,18,21,23,25 
 come 12 : 2,4,6,8,10,12,14,16,18,20,23,25 
 common 12 : 1,3,6,8,10,12,14,16,18,20,22,24 
 corpulent 12 : 1,3,5,8,10,12,14,16,18,20,22,24 
 crescent 12 : 1,3,5,7,9,11,13,15,17,20,22,24 
D
 day 12 : 2,4,6,8,10,12,14,16,18,21,23,25 
 distances 12 : 2,4,6,9,11,13,15,17,19,21,23,25 
 drink 12 : 2,4,6,8,10,12,15,17,19,21,23,25 
 due 12 : 1,3,5,7,9,11,13,15,18,20,22,24 
E
 each 12 : 2,4,6,9,11,13,15,17,19,21,23,25 
 every 12 : 2,4,6,8,10,12,14,16,18,21,23,25 
 expression 12 : 1,3,5,7,10,12,14,16,18,20,22,24 
F
 face 24 : 1,3,5,7,9,10,12,14,16,18,20,22,24 
 far 12 : 2,4,6,8,10,12,14,16,18,20,23,25 
 fat 12 : 1,3,5,7,9,12,14,16,18,20,22,24 
 features 12 : 1,3,5,7,10,12,14,16,18,20,22,24 
 first 12 : 1,3,5,7,9,11,13,15,17,19,22,24 
 foot 12 : 2,4,6,9,11,13,15,17,19,21,23,25 
 for 72 : 1,2,3,4,5,6,7,8,9,10,11,12,13,14,15,16,17,19,20,21,22,23,24,25,26 
 formidable 12 : 1,3,5,7,9,11,13,15,18,20,22,24 
 fragment 12 : 1,3,5,7,9,11,14,16,18,20,22,24 
 from 24 : 1,2,3,4,5,6,7,8,9,10,11,12,13,14,15,16,17,18,20,22,23,24,25 
G
 good 12 : 1,3,5,7,9,12,14,16,18,20,22,24 
 great 12 : 1,3,5,7,9,11,13,15,17,20,22,24 
 grey 12 : 1,4,6,8,10,12,14,16,18,20,22,25 
 guatemala 12 : 2,4,6,8,10,12,14,16,18,21,23,25 
H
 had 36 : 1,2,3,4,5,7,9,11,12,13,14,15,16,17,18,19,20,21,22,23,24,25 
 have 24 : 1,2,3,4,5,6,7,8,9,10,11,12,13,14,15,17,18,19,20,21,22,23,24,25 
 he 120 : 1,2,3,4,5,6,7,8,9,10,11,12,13,14,15,16,17,18,19,20,21,22,23,24,25,26 
 height 12 : 1,3,6,8,10,12,14,16,18,20,22,24 
 him 48 : 1,2,3,4,5,6,7,8,9,10,11,12,13,14,15,16,17,18,19,20,21,22,23,24,25,26 
 his 84 : 1,2,3,4,5,6,7,8,9,10,11,12,13,14,15,16,17,18,19,20,21,22,23,24,25 
 hotel 12 : 2,4,6,8,10,12,14,16,18,20,23,25 
 humoured 12 : 1,3,5,7,9,12,14,16,18,20,22,24 
I
 i 72 : 1,2,3,4,5,6,7,8,9,10,11,12,13,14,15,16,17,18,19,20,21,22,23,24,25,26 
 if 12 : 2,4,6,8,10,12,14,16,19,21,23,25 
 in 24 : 1,3,5,6,7,8,9,10,11,12,13,14,15,16,17,18,20,22,24 
 into 12 : 2,4,6,8,10,12,14,16,18,20,23,25 
 it 72 : 1,2,3,4,5,6,7,8,9,10,11,12,13,14,15,16,17,18,19,20,21,22,23,24,25 
K
 khaki 12 : 1,4,6,8,10,12,14,16,18,20,22,25 
L
 leisurely 12 : 2,4,6,8,10,12,14,16,19,21,23,25 
 liquor 12 : 3,5,7,9,11,13,15,17,19,21,24,26 
 little 12 : 2,4,6,9,11,13,15,17,19,21,23,25 
 living 12 : 2,4,6,8,10,12,14,17,19,21,23,25 
 long 12 : 2,4,6,8,11,13,15,17,19,21,23,25 
 lottery 12 : 2,4,6,8,10,12,14,16,19,21,23,25 
M
 made 12 : 2,4,6,8,10,12,14,17,19,21,23,25 
 man 12 : 1,3,5,8,10,12,14,16,18,20,22,24 
 mentioned 12 : 2,4,7,9,11,13,15,17,19,21,23,25 
 more 12 : 1,3,6,8,10,12,14,16,18,20,22,24 
 most 12 : 3,5,7,9,11,13,15,17,19,21,24,26 
 must 24 : 1,2,3,4,5,6,7,8,9,10,11,12,13,14,15,17,18,19,20,21,22,23,24,25 
N
 never 36 : 1,2,3,4,6,8,10,12,13,14,15,16,17,18,19,20,21,22,23,24,25 
 no 12 : 2,4,7,9,11,13,15,17,19,21,23,25 
 notice 12 : 2,4,7,9,11,13,15,17,19,21,23,25 
 noticed 12 : 1,3,5,7,9,11,13,15,17,19,22,24 
 now 12 : 2,4,6,8,10,12,15,17,19,21,23,25 
 numbers 12 : 2,4,7,9,11,13,15,17,19,21,23,25 
O
 oddly 12 : 1,3,5,8,10,12,14,16,18,20,22,24 
 of 60 : 1,2,3,4,5,6,7,8,9,10,11,12,13,14,15,16,17,18,19,20,21,22,23,24,25,26 
 offer 12 : 2,4,6,8,10,12,14,16,19,21,23,25 
 offered 12 : 2,4,6,8,10,12,15,17,19,21,23,25 
 on 48 : 1,2,3,4,5,6,7,9,11,13,14,15,16,17,18,19,20,21,22,23,24,25,26 
 one 12 : 2,4,6,8,10,12,14,17,19,21,23,25 
 or 12 : 1,3,5,7,9,11,14,16,18,20,22,24 
P
 palace 12 : 2,4,6,8,10,12,14,16,18,20,23,25 
 part 12 : 3,5,7,9,11,13,15,17,19,21,24,26 
 passed 12 : 2,5,7,9,11,13,15,17,19,21,23,26 
 paused 12 : 2,4,6,9,11,13,15,17,19,21,23,25 
 poor 12 : 2,4,6,8,10,12,14,17,19,21,23,25 
 powerful 12 : 1,3,5,8,10,12,14,16,18,20,22,24 
R
 ran 12 : 1,3,5,7,9,11,13,15,17,20,22,24 
 red 12 : 1,3,5,7,9,11,13,15,17,20,22,24 
 refused 12 : 2,4,6,8,10,13,15,17,19,21,23,25 
 rolling 12 : 2,4,6,8,11,13,15,17,19,21,23,25 
 round 24 : 1,2,3,4,5,6,7,8,9,10,11,12,14,16,18,19,20,21,22,23,24,25 
S
 sabre 12 : 1,3,5,7,9,11,13,16,18,20,22,24 
 sale 24 : 2,4,6,7,8,9,10,11,12,13,14,15,16,17,19,21,23,25 
 same 12 : 2,5,7,9,11,13,15,17,19,21,23,26 
 saw 36 : 1,2,3,4,6,8,10,12,14,15,16,17,18,19,20,21,22,23,24,25 
 scar 12 : 1,3,5,7,9,11,13,15,17,19,22,24 
 shabby 12 : 1,4,6,8,10,12,14,16,18,20,22,25 
 shell 12 : 1,3,5,7,9,11,14,16,18,20,22,24 
 shirt 12 : 1,4,6,8,10,12,14,16,18,20,22,25 
 small 12 : 1,3,5,7,9,12,14,16,18,20,22,24 
 smile 24 : 2,4,5,6,7,9,11,13,15,17,19,21,23,25,26 
 sombrero 12 : 1,4,6,8,10,12,14,16,18,20,22,25 
 sort 12 : 2,4,6,8,10,13,15,17,19,21,23,25 
 strolling 12 : 2,4,6,8,10,12,14,16,18,21,23,25 
 suit 12 : 1,4,6,8,10,12,14,16,18,20,22,25 
T
 table 12 : 2,4,6,9,11,13,15,17,19,21,23,25 
 tables 12 : 2,4,6,8,10,13,15,17,19,21,23,25 
 taken 12 : 2,5,7,9,11,13,15,17,19,21,23,26 
 temple 12 : 1,3,5,7,9,11,13,15,18,20,22,24 
 than 12 : 1,3,6,8,10,12,14,16,18,20,22,24 
 that 24 : 1,3,5,7,9,11,13,14,15,16,17,18,19,20,22,24 
 the 108 : 1,2,3,4,5,6,7,8,9,10,11,12,13,14,15,16,17,18,19,20,21,22,23,24,25,26 
 then 24 : 2,4,6,7,8,9,10,11,12,13,15,17,19,21,23,25 
 think 12 : 2,5,7,9,11,13,15,17,19,21,23,26 
 this 24 : 1,2,3,4,5,6,7,8,9,10,11,12,13,14,16,18,19,20,21,22,23,24,25 
 though 12 : 2,4,6,8,11,13,15,17,19,21,23,25 
 threaded 12 : 2,4,6,8,10,13,15,17,19,21,23,25 
 tickets 12 : 2,4,6,8,10,12,14,16,19,21,23,25 
 time 12 : 2,4,6,8,10,12,14,16,18,21,23,25 
 to 48 : 1,2,3,4,5,6,7,8,9,10,11,12,13,14,15,16,17,18,19,20,21,22,23,24,25 
 traverse 12 : 2,4,6,8,11,13,15,17,19,21,23,25 
 trifle 12 : 3,5,7,9,11,13,15,17,19,21,24,26 
U
 undistinguished 12 : 1,3,5,7,9,12,14,16,18,20,22,24 
 unexpected 12 : 1,3,5,7,9,11,14,16,18,20,22,24 
 used 12 : 2,4,6,8,10,12,14,16,18,20,23,25 
V
 very 12 : 1,4,6,8,10,12,14,16,18,20,22,25 
W
 walk 12 : 2,4,6,8,11,13,15,17,19,21,23,25 
 was 96 : 1,2,3,4,5,6,7,8,9,10,11,12,13,14,15,16,17,18,19,20,21,22,23,24,25,26 
 way 24 : 2,4,6,8,10,12,13,14,15,17,19,21,23,25 
 went 12 : 1,3,5,7,10,12,14,16,18,20,22,24 
 were 12 : 2,4,6,8,11,13,15,17,19,21,23,25 
 when 12 : 2,4,7,9,11,13,15,17,19,21,23,25 
 whether 12 : 1,3,5,7,9,11,13,16,18,20,22,24 
 with 48 : 1,2,3,4,5,6,7,8,9,10,11,12,13,14,15,16,17,18,19,20,21,22,23,24,25,26 
 wondered 12 : 1,3,5,7,9,11,13,16,18,20,22,24 
 worse 12 : 3,5,7,9,11,13,15,17,19,21,24,26 
 wound 12 : 1,3,5,7,9,11,13,16,18,20,22,24 
